72.305
106.027
38.072
44.050
68.360
60.419
12.150
21.640
4.441
35.940
170.965
29.160
249.614
1.259
219.674
93.289
27.333
53.531
107.843
100.221
176.772
10.700
11.262
2.458
124.226
84.853
48.352
0.535
48.036
25.886
68.049
180.300
14.991
0.694
17.939
13.735
42.882
45.978
132.179
26.381
215.706
0.540
55.266
157.540
51.952
93.672
258.178
41.860
154.969
42.572
138.162
89.633
4.881
35.753
116.997
13.681
8.243
107.423
177.959
190.014
166.126
40.990
113.255
11.706
78.597
16.132
210.151
22.810
74.958
0.275
63.299
60.419
93.290
163.400
227.934
119.990
44.585
169.483
205.002
66.533
4.017
37.233
1.878
50.108
155.411
96.998
84.483
75.701
43.808
107.552
25.171
76.934
17.011
93.672
130.661
23.759
5.252
211.440
179.590
150.429
43.229
247.471
2.576
12.430
121.442
111.010
102.127
216.761
39.387
211.440
119.996
187.915
130.790
70.201
2.458
197.957
26.634
53.136
38.890
1.160
21.719
33.831
27.296
27.324
12.054
2.945
37.333
13.234
267.082
28.203
86.672
75.739
30.219
42.362
21.036
281.677
0.572
46.757
117.263
181.093
41.467
227.164
50.274
83.951
85.436
75.817
44.569
6.788
10.426
63.435
50.194
82.065
161.487
111.137
251.400
5.233
31.286
47.589
23.306
86.770
127.398
16.144
133.070
44.284
2.433
8.961
78.708
117.249
77.852
54.546
41.805
38.036
8.409
169.163
226.456
34.127
137.713
214.900
36.239
85.763
1.742
68.508
84.208
0.252
38.197
13.700
70.996
3.191
61.888
350.668
56.408
151.913
137.967
360.629
65.909
73.033
141.828
179.808
7.130
123.188
26.784
5.155
72.621
174.579
5.888
278.653
350.681
22.093
27.168
150.392
18.596
193.105
58.910
96.712
90.184
33.262
22.007
3.424
242.360
60.271
15.587
47.655
25.166
51.227
2.537
45.249
19.918
8.206
133.108
187.517
26.532
6.157
23.411
28.513
63.557
209.347
384.938
113.540
204.639
5.639
13.955
136.791
25.023
2.514
28.199
4.033
153.552
7.125
36.056
121.442
137.209
12.017
28.025
61.540
7.220
29.932
23.554
44.073
9.025
101.549
180.221
5.264
30.122
4.366
19.062
7.168
174.740
103.711
11.843
112.763
302.703
8.757
79.955
43.471
23.412
729.135
43.570
106.048
215.306
24.412
300.728
44.050
38.037
0.301
33.651
14.741
82.537
62.062
400.455
194.630
241.724
22.772
23.542
151.966
180.300
8.206
78.615
34.046
38.018
28.944
89.113
80.483
187.915
48.940
179.749
207.140
7.823
67.757
339.946
10.794
3.807
119.657
153.815
28.553
17.157
1.223
2.169
141.502
6.819
11.189
44.585
18.544
9.420
10.766
125.360
89.113
6.788
56.505
33.176
199.506
166.093
15.358
123.768
101.549
90.475
44.585
10.788
84.551
1.742
10.110
242.877
65.597
47.738
39.212
83.701
125.870
52.493
10.092
109.785
119.996
118.061
22.954
146.646
185.182
118.978
69.293
97.620
29.559
26.347
197.229
57.602
90.165
127.882
15.028
217.363
45.964
189.772
224.135
13.536
129.277
401.646
119.206
6.535
172.318
106.274
1.676
18.952
44.713
118.129
180.394
127.039
80.876
70.649
274.360
21.752
28.705
264.152
12.711
32.117
19.606
66.529
106.951
53.062
78.195
62.696
142.168
58.926
215.306
204.639
3.539
54.264
11.454
76.934
129.031
67.986
116.386
13.590
89.613
10.299
78.663
38.169
10.725
51.476
39.212
76.054
352.379
174.928
32.527
13.562
5.409
0.694
17.037
37.382
70.071
13.272
18.107
76.054
146.743
83.179
137.526
78.593
82.137
69.972
122.970
42.550
47.641
56.324
126.278
20.282
132.890
149.382
47.301
340.152
7.490
166.385
96.325
14.423
42.170
5.076
86.222
23.498
104.133
89.906
9.629
180.300
21.077
72.621
153.961
181.093
26.634
187.096
67.882
56.674
206.790
5.804
96.366
124.906
6.017
124.617
120.544
16.144
81.155
21.863
157.186
112.125
128.064
21.379
15.710
36.895
48.940
28.638
119.762
55.382
214.583
20.974
60.093
154.969
149.015
227.364
126.422
323.573
16.293
36.579
26.043
26.722
44.249
4.955
4.366
253.553
19.389
32.503
19.366
114.747
193.786
44.705
11.763
64.352
124.906
49.522
119.983
36.544
2.661
28.199
229.570
77.505
70.109
4.582
128.214
274.656
60.863
41.084
4.578
84.483
33.024
0.642
37.233
83.145
155.982
20.898
40.786
14.791
10.725
88.343
11.262
18.952
171.268
9.151
27.057
180.221
113.255
222.757
44.963
7.392
0.401
28.431
199.141
0.664
58.266
8.003
188.861
186.061
27.534
40.900
138.340
22.529
160.318
83.308
24.246
30.441
10.738
63.301
81.872
110.660
49.102
101.800
34.938
27.657
35.792
29.163
36.880
37.382
23.900
87.432
51.361
88.303
89.963
128.929
67.899
231.009
11.574
45.632
130.790
38.847
46.217
76.941
16.299
77.724
48.922
38.511
54.658
139.782
9.162
41.104
0.454
94.606
31.537
27.657
43.342
20.850
72.764
113.540
7.174
35.098
10.068
12.150
7.308
23.369
115.053
3.539
83.643
16.919
6.442
64.627
81.584
184.372
163.930
311.238
124.159
153.815
42.099
116.984
209.964
217.092
126.151
3.964
1.524
14.481
0.694
62.751
3.084
10.738
59.754
37.116
6.060
98.724
16.560
98.724
10.514
2.085
1.843
158.224
74.644
133.769
264.152
41.157
16.430
23.375
16.306
258.178
95.320
23.375
7.030
76.727
36.563
165.196
729.135
17.658
92.604
24.580
42.474
99.838
137.319
54.546
142.199
7.308
17.269
22.208
150.429
51.695
185.182
213.767
98.019
51.227
96.008
52.545
30.018
85.052
240.528
64.995
132.005
42.882
79.525
82.246
118.217
99.354
13.704
69.417
92.331
25.116
3.822
28.431
55.867
71.810
84.714
1.325
173.446
144.757
12.747
39.632
95.958
44.963
88.210
19.719
33.476
47.841
69.604
18.056
77.505
26.867
0.576
60.863
16.240
23.779
12.430
144.436
73.034
46.557
131.711
176.866
53.784
14.837
130.038
99.503
11.706
38.197
42.362
101.773
54.724
158.224
74.690
33.750
3.466
32.723
83.791
7.212
26.428
227.364
99.328
99.065
101.926
96.748
84.194
54.630
21.010
23.170
11.352
3.226
34.006
6.661
20.586
2.144
28.638
42.591
109.987
9.854
19.319
2.228
96.325
23.466
33.651
57.333
91.389
1.928
161.277
73.406
31.045
225.324
75.121
61.560
24.948
2.699
62.062
109.785
64.570
182.511
97.020
71.370
46.342
179.808
22.529
2.325
27.916
60.808
409.445
29.632
6.075
124.842
134.680
5.192
80.884
21.868
219.407
46.156
31.012
37.809
75.314
6.329
33.381
125.726
53.173
4.459
32.322
2.815
336.954
56.937
101.716
38.188
95.518
65.371
214.201
44.997
26.826
48.574
146.646
32.723
61.163
91.051
30.122
44.249
70.109
149.460
44.569
8.035
27.786
54.878
85.545
198.924
29.301
3.777
106.971
21.765
8.601
49.642
84.164
28.920
30.258
3.484
136.645
82.467
3.753
53.531
20.359
76.601
7.055
350.668
42.878
170.488
64.790
51.695
194.425
151.520
80.625
275.457
248.029
41.375
75.745
78.522
8.345
23.541
0.275
59.325
90.883
57.428
165.083
18.049
66.834
8.162
40.860
73.856
158.727
42.926
73.957
7.174
13.704
3.226
36.798
6.661
62.395
24.294
18.648
121.442
36.880
58.754
31.989
47.564
461.753
254.516
162.070
8.551
54.406
104.089
36.189
138.538
5.729
28.025
19.608
105.241
219.674
40.821
7.188
117.053
52.972
252.943
61.967
85.487
86.770
21.791
26.043
41.244
0.709
156.303
204.009
9.242
46.048
31.589
6.479
75.907
1.201
12.271
39.545
33.476
19.102
16.299
59.889
132.382
96.998
131.139
13.688
14.304
39.163
98.618
102.601
51.227
62.395
86.770
12.975
20.432
35.940
116.386
40.094
30.852
89.906
288.199
155.411
48.038
21.854
185.823
132.406
21.701
122.668
96.695
20.720
23.065
136.494
122.143
282.671
19.608
116.386
19.918
28.763
37.618
61.560
36.408
21.911
36.329
10.721
95.519
74.217
46.217
19.389
251.651
17.534
61.871
355.564
19.414
5.243
13.318
79.031
72.621
3.191
24.033
39.163
231.009
23.406
286.379
36.207
68.658
289.406
29.250
20.393
22.007
62.028
56.642
5.639
192.487
12.721
73.576
7.351
32.639
5.631
5.118
512.426
139.138
61.730
1.576
226.214
99.354
3.835
32.185
196.639
33.974
109.600
137.155
33.038
200.758
44.249
116.386
39.632
28.422
11.412
152.253
27.541
0.561
28.199
34.738
8.243
116.431
29.399
14.324
27.809
58.910
187.417
27.032
140.101
87.987
43.942
0.575
20.731
115.053
109.277
53.062
48.983
143.471
13.205
400.881
133.363
207.140
110.186
3.812
151.330
154.055
55.909
68.010
24.243
99.911
31.734
12.042
140.700
163.958
320.396
72.936
14.324
33.024
18.297
17.274
97.020
54.869
156.228
83.701
62.628
11.888
95.746
156.953
98.426
65.847
150.089
13.590
42.878
10.648
204.720
3.714
38.217
27.847
427.455
35.046
53.173
56.475
36.904
211.388
50.580
66.125
272.823
79.390
36.329
161.277
13.388
4.594
61.323
19.606
0.535
4.147
38.847
86.015
101.190
152.391
169.152
35.098
31.769
26.153
34.006
163.958
110.483
62.028
199.425
56.642
39.243
62.751
7.030
98.618
13.688
26.722
83.308
12.583
12.430
10.725
131.928
196.416
17.715
83.924
35.745
5.118
11.683
258.644
13.760
27.703
17.123
69.568
9.479
21.816
26.532
50.946
1.850
53.216
4.661
64.672
225.260
176.772
15.980
7.055
44.963
6.364
11.470
8.310
74.497
1.795
62.967
101.700
59.254
97.412
75.432
1.156
1.677
39.736
215.306
21.640
22.939
40.695
369.858
20.282
84.639
131.928
23.065
13.975
10.197
17.470
34.356
132.005
96.506
2.839
5.264
100.329
99.354
72.892
85.889
59.124
135.913
165.196
37.809
210.660
21.816
109.044
26.844
147.203
23.332
50.913
12.194
125.836
113.510
15.028
11.683
105.361
65.230
11.262
365.960
23.447
13.700
184.342
25.023
125.997
8.380
3.324
81.584
95.257
53.430
10.683
218.782
62.395
46.262
296.658
272.463
4.956
200.173
28.944
106.173
37.702
136.645
64.558
41.945
42.796
27.916
141.749
3.648
281.565
292.284
120.312
130.153
252.943
38.169
45.630
61.560
78.125
12.840
160.318
24.948
20.720
125.686
4.071
87.851
39.598
84.883
37.234
62.628
6.401
43.294
46.217
20.282
5.804
38.892
79.840
48.181
38.314
47.323
10.567
82.537
52.795
163.589
98.724
78.522
46.526
162.218
20.817
28.718
178.110
180.582
54.745
0.862
7.712
43.116
3.464
14.298
52.936
13.688
150.089
24.412
77.076
57.333
216.761
121.646
28.702
5.102
38.779
12.806
54.869
134.089
22.041
89.799
149.460
92.889
65.284
19.595
135.360
137.319
26.717
34.585
89.411
213.048
156.303
3.539
115.094
97.702
43.505
96.921
220.998
21.661
10.068
207.969
281.677
89.796
68.346
73.242
222.266
94.763
35.904
143.220
66.816
35.457
27.333
81.350
7.734
156.668
40.483
122.745
135.913
57.066
21.915
146.646
43.808
100.547
37.618
1.329
3.671
38.594
5.252
59.560
119.175
12.732
40.581
141.502
18.725
96.366
332.551
32.624
108.676
447.290
163.930
18.786
4.430
156.575
71.691
35.031
128.327
107.423
6.060
2.606
27.869
28.724
14.021
225.324
180.582
130.661
142.957
40.939
201.872
45.065
59.124
21.792
4.017
139.068
85.317
0.568
47.323
26.017
43.131
56.408
252.227
117.081
46.646
105.315
28.705
434.467
73.856
44.811
104.703
131.210
96.049
15.177
68.010
38.197
73.033
68.270
301.214
83.499
148.819
182.367
14.991
101.716
59.165
100.508
122.970
14.706
85.889
41.645
12.150
1.974
31.329
78.197
9.151
152.079
127.589
13.653
111.137
35.241
57.249
1.576
25.055
30.122
68.758
17.548
35.091
124.115
196.100
20.452
45.032
19.338
37.368
90.934
101.783
22.395
32.185
2.123
40.151
47.634
66.155
31.648
126.250
227.513
172.316
66.481
76.777
27.432
22.547
22.392
154.261
13.861
40.151
33.750
27.786
11.957
93.289
74.173
14.598
106.971
128.709
44.316
55.553
89.799
61.554
136.645
44.249
9.045
158.512
141.553
66.481
96.366
65.217
93.290
81.247
28.157
206.534
38.678
77.290
229.226
22.392
167.128
366.206
168.495
78.635
17.274
53.136
16.268
20.129
25.211
41.467
34.275
15.980
7.048
134.607
7.580
0.572
71.978
61.302
30.906
85.981
35.872
103.867
78.164
44.075
81.441
19.918
14.995
56.324
141.826
9.146
154.600
109.987
284.534
18.862
7.288
15.680
36.632
103.716
2.699
7.308
1.451
68.346
134.421
48.922
8.984
7.308
0.301
26.722
56.408
15.680
11.155
245.882
80.025
15.069
14.463
2.719
216.814
24.246
22.333
55.751
91.755
1.933
43.012
22.035
75.121
50.332
239.031
222.737
9.265
47.446
21.792
59.325
7.552
13.984
21.895
85.542
12.111
10.738
14.727
67.266
13.388
88.753
89.266
12.042
39.950
17.357
48.854
6.401
82.794
64.103
75.842
57.066
3.424
109.201
99.248
64.015
139.637
0.112
126.856
88.509
54.781
139.390
54.745
203.962
151.913
78.523
164.113
50.242
5.030
24.145
64.998
7.530
26.206
139.390
60.498
12.103
62.916
38.284
14.508
22.212
118.176
297.221
53.004
86.770
140.377
21.936
17.579
105.982
48.352
10.465
36.632
46.171
36.503
2.661
0.561
157.450
34.046
249.453
16.299
55.399
54.024
18.163
44.705
56.298
192.682
18.847
178.093
36.544
101.190
119.892
29.094
109.201
5.212
65.218
4.156
178.110
20.586
153.192
111.413
413.085
70.214
40.535
96.157
72.179
215.938
9.718
163.600
10.906
36.540
17.274
67.838
14.820
73.034
58.580
12.732
124.390
34.127
269.855
173.200
123.768
125.986
6.611
84.714
48.940
11.470
33.550
79.496
50.989
17.174
65.564
34.046
321.297
2.661
115.053
60.077
72.892
53.387
83.791
1.354
112.671
0.401
7.285
72.621
21.895
346.098
52.545
43.570
131.189
41.945
88.726
29.399
14.228
257.835
608.599
32.723
82.065
12.150
147.301
139.637
31.985
22.747
178.691
92.604
220.376
10.542
0.561
35.299
113.796
8.345
42.219
11.078
26.206
92.999
15.927
57.616
66.421
79.258
38.181
16.046
23.663
6.683
158.460
346.098
281.548
82.099
28.187
258.178
29.634
58.781
58.884
153.949
48.352
29.559
70.285
15.680
353.401
46.467
41.860
370.920
3.420
77.195
10.567
19.738
244.680
199.506
9.884
173.876
39.642
102.837
16.994
0.318
109.707
6.329
60.740
125.805
13.232
4.066
7.661
56.596
205.825
92.889
59.889
127.286
71.129
65.393
43.331
48.574
100.434
10.730
55.807
49.102
75.474
1.156
31.769
41.375
117.081
19.143
45.109
117.081
16.334
39.290
17.445
92.199
144.458
20.393
20.432
82.137
27.703
151.330
17.822
111.413
58.522
76.968
59.889
51.506
203.962
44.585
37.532
147.301
104.632
2.144
124.226
48.487
15.628
82.992
358.076
20.803
125.525
0.254
27.916
252.943
14.304
44.997
59.689
162.792
86.280
9.147
292.410
237.824
226.456
35.457
49.072
166.126
61.482
36.522
25.400
97.508
139.138
6.706
125.525
28.252
226.456
2.933
98.724
123.456
154.792
54.724
20.143
56.298
12.111
25.668
46.373
13.402
7.728
95.580
64.672
60.045
10.465
15.582
104.103
14.959
98.938
34.006
13.232
116.114
39.545
71.978
48.689
22.782
103.098
56.459
16.116
86.446
106.951
86.280
17.783
350.668
19.569
34.938
44.025
24.412
5.345
76.784
78.576
369.858
26.265
58.910
19.993
1.795
73.034
143.919
42.099
43.942
12.796
95.518
31.916
48.475
77.051
111.377
46.262
33.734
69.320
29.525
70.201
18.793
29.559
156.716
65.843
19.414
26.230
50.337
50.337
42.595
9.198
261.137
452.286
37.222
3.973
146.475
8.961
25.737
6.728
102.100
42.796
8.409
70.601
22.772
69.417
101.719
253.553
39.212
13.960
1.383
7.895
19.547
74.958
117.212
49.130
86.689
85.035
6.129
21.618
10.426
161.047
100.120
95.519
111.010
46.204
64.683
51.506
71.666
29.230
15.409
45.451
144.096
17.319
10.542
197.662
61.163
77.826
81.463
44.963
88.260
14.991
90.469
29.160
89.963
45.747
36.059
78.164
16.306
12.747
19.094
48.761
14.113
172.860
31.638
31.676
162.070
0.642
142.362
108.442
4.813
163.453
14.598
169.241
122.668
25.418
100.217
9.347
41.991
165.281
67.131
447.290
83.141
95.257
49.165
101.736
126.422
30.654
3.484
365.960
211.432
72.943
55.265
4.956
39.237
47.655
15.172
140.433
43.126
91.667
117.969
1.795
217.032
1.156
303.200
56.203
119.990
5.072
14.282
20.659
27.507
2.699
19.389
84.729
358.516
301.214
7.883
207.330
3.523
21.206
73.814
71.927
86.258
3.424
64.015
19.595
219.407
34.095
21.854
139.390
193.663
9.479
4.031
59.698
66.532
167.702
84.208
21.737
14.837
43.063
116.337
5.820
85.344
45.172
12.969
89.617
9.242
25.546
21.376
53.531
16.764
9.401
141.749
3.288
154.880
34.928
130.819
14.741
24.294
15.097
23.759
163.277
107.552
46.336
133.769
70.265
65.527
213.048
63.613
258.354
11.843
1.657
32.723
169.152
23.779
3.466
2.831
11.843
141.502
32.989
22.629
36.712
55.550
3.128
10.490
4.459
14.423
13.388
13.802
207.330
1.795
26.161
57.565
25.768
729.135
100.221
65.744
24.670
42.474
7.129
6.479
95.141
70.071
129.277
72.725
27.786
45.691
17.534
39.545
28.268
380.671
107.152
77.724
16.706
99.911
21.415
26.734
8.795
79.188
90.831
12.338
65.639
254.431
5.073
83.377
27.333
59.059
291.029
88.212
54.024
96.509
42.926
63.435
83.449
4.269
69.809
62.966
130.661
65.110
41.805
2.812
6.777
79.390
32.085
111.377
84.883
103.512
38.634
14.337
109.201
45.591
15.578
78.195
25.023
41.316
128.995
79.031
44.689
10.490
17.445
116.868
113.255
42.172
43.532
118.320
10.542
84.309
80.503
12.384
19.569
74.690
43.801
105.313
59.084
4.544
18.998
0.694
23.033
88.343
32.939
6.297
90.751
25.400
22.072
169.152
127.398
0.876
70.919
14.549
34.738
42.721
78.125
41.502
150.429
350.681
55.807
38.890
91.737
175.453
50.946
95.746
55.802
94.910
216.264
1.850
43.808
132.382
28.187
28.333
94.311
131.527
133.363
131.441
136.443
200.173
39.346
401.646
67.838
54.257
28.944
35.241
41.502
116.337
295.125
165.281
82.982
41.999
23.542
54.264
31.012
31.230
107.032
96.325
64.570
42.878
154.055
20.393
145.446
37.222
90.410
28.799
17.334
16.280
87.432
253.553
41.291
7.712
83.059
240.528
22.259
11.574
29.632
136.443
298.639
8.380
74.173
71.810
80.625
20.942
55.829
86.785
33.216
37.702
89.608
14.337
9.293
105.241
22.035
52.857
30.258
7.661
33.597
252.227
7.552
1.843
122.337
41.267
3.812
22.027
214.201
22.333
14.820
21.895
117.192
48.140
82.137
164.184
23.033
146.743
172.782
117.660
12.796
69.401
162.792
42.819
38.779
28.513
139.918
29.865
42.591
4.813
346.712
16.553
64.683
125.986
172.318
10.203
10.721
44.073
46.879
40.840
50.580
21.206
1.843
47.551
7.030
14.779
15.360
191.155
16.330
200.024
70.214
28.431
1.325
0.621
20.942
53.173
13.913
4.956
123.768
20.865
57.703
106.971
8.380
50.337
36.528
115.094
33.381
19.843
218.679
26.939
67.838
35.552
13.975
62.916
20.984
222.817
79.031
24.030
143.919
29.865
18.667
98.443
30.574
139.390
24.366
18.880
98.938
38.893
94.875
26.206
106.188
36.290
86.258
20.898
39.346
35.872
17.197
104.632
16.521
3.900
29.402
145.562
272.823
101.736
3.892
260.892
59.254
5.264
61.554
33.894
240.528
118.182
66.298
25.532
43.012
23.542
56.527
1.524
33.734
41.157
40.797
138.203
24.948
65.530
152.253
22.392
52.715
19.400
3.667
13.960
33.807
22.152
50.927
46.336
24.948
65.847
57.703
136.463
10.721
153.552
13.272
81.054
42.474
41.291
103.113
19.613
70.996
106.328
28.944
85.344
32.085
29.402
150.498
204.720
125.131
3.835
48.689
54.542
24.039
88.210
38.940
67.011
20.016
76.486
215.306
146.646
13.376
66.298
37.712
58.992
8.404
42.473
187.096
151.561
267.082
22.018
75.791
63.158
78.550
80.215
260.626
27.368
27.229
5.631
2.519
96.049
22.957
44.133
160.878
131.763
57.662
104.914
24.705
447.290
110.226
146.475
26.347
23.305
90.899
178.691
13.726
72.722
45.880
2.035
15.097
194.581
32.151
21.954
358.076
22.395
118.245
42.170
59.084
18.470
95.069
110.042
55.265
6.170
100.185
10.514
35.904
202.454
21.609
131.233
105.982
3.723
14.667
233.227
117.053
75.295
31.015
29.684
144.458
40.547
43.229
139.795
272.463
54.906
68.658
184.342
105.475
261.137
107.882
83.791
86.834
163.589
28.667
94.752
199.508
6.136
193.105
61.888
17.994
72.621
42.099
46.646
108.030
65.217
206.790
2.819
150.934
21.379
46.773
233.087
75.944
68.248
52.997
95.580
33.974
8.572
74.497
30.852
48.235
5.634
2.576
125.705
19.993
59.487
144.806
52.019
226.214
47.738
114.096
187.915
75.295
20.519
6.819
86.015
25.041
2.686
168.495
96.509
21.609
111.413
70.450
33.809
63.493
7.220
124.705
61.888
68.758
225.260
246.980
56.250
80.215
27.189
214.879
23.663
12.840
125.705
88.928
15.840
27.572
0.862
97.020
17.994
11.683
9.804
10.126
60.740
156.303
41.084
16.310
42.324
22.810
21.609
267.082
141.826
26.844
65.564
143.366
115.053
17.695
13.388
63.301
20.874
34.077
76.754
17.248
26.218
34.820
159.012
42.441
29.932
82.065
15.628
48.747
78.663
254.730
13.402
36.544
275.132
6.472
72.718
39.523
195.657
204.833
59.889
105.361
301.030
251.839
128.745
18.998
12.124
24.225
16.706
76.784
23.305
117.528
133.336
79.496
42.259
36.329
55.829
153.274
97.727
83.134
26.218
74.723
241.724
62.191
3.231
89.674
90.899
207.098
63.342
12.658
27.032
9.854
4.578
75.739
23.663
3.499
168.714
41.467
146.646
116.649
166.093
34.745
185.667
128.984
26.043
19.833
44.219
33.974
82.537
171.596
109.987
79.288
28.997
172.860
80.876
129.277
26.265
22.395
0.621
41.128
78.529
17.822
101.716
69.809
619.887
215.706
87.858
118.320
22.629
0.454
63.917
46.773
56.505
69.717
9.865
52.936
32.734
143.220
9.114
135.360
101.345
226.456
19.835
141.435
1.451
122.841
0.401
24.026
81.854
285.993
141.435
65.564
218.176
42.926
137.155
0.112
72.038
14.337
9.045
13.913
39.736
76.754
20.088
39.163
154.969
75.004
7.297
29.230
30.317
2.252
35.552
59.721
82.246
102.837
39.765
10.725
32.283
24.580
3.835
209.964
12.271
45.591
185.815
179.418
94.910
73.242
192.022
14.667
18.648
22.470
104.703
57.878
30.576
4.466
135.613
58.754
41.014
33.734
9.980
358.076
117.969
76.942
153.274
11.780
12.711
26.218
85.035
138.155
119.206
142.362
117.166
34.426
33.366
32.459
73.576
84.595
59.754
132.179
2.606
2.519
54.455
11.763
21.618
358.306
48.940
43.563
139.138
90.051
37.006
33.750
10.098
102.100
5.639
7.922
193.786
5.252
114.747
139.138
125.805
76.527
23.305
46.342
244.320
34.079
12.400
46.262
16.721
174.612
17.011
147.009
452.613
205.748
101.858
269.855
41.329
10.193
122.143
7.393
3.464
25.644
26.043
65.909
106.161
153.949
49.642
34.680
13.984
54.878
12.430
27.728
5.729
24.064
179.808
17.220
59.487
34.755
81.552
14.282
157.540
172.442
2.228
8.795
7.288
22.007
78.195
91.389
40.547
269.855
90.473
11.706
13.653
5.417
88.358
79.238
16.240
43.942
169.241
109.270
69.717
69.972
1.576
73.947
6.788
46.262
275.457
26.161
4.031
38.876
142.362
41.104
286.379
56.243
99.503
36.544
244.680
30.219
33.734
85.763
32.316
99.328
21.312
59.560
96.509
33.818
194.044
28.553
76.392
62.062
71.669
64.713
63.060
139.641
136.196
252.249
139.887
46.526
43.331
62.628
3.335
140.101
83.971
88.303
15.305
251.400
21.719
44.133
109.201
91.721
442.165
88.753
51.330
67.838
15.587
62.191
296.658
20.478
66.885
44.088
45.591
0.170
92.617
120.667
58.808
7.297
84.194
26.717
92.944
76.392
14.463
60.093
81.659
5.030
79.837
12.017
67.131
38.893
67.446
92.906
48.754
90.473
106.798
135.777
53.784
35.745
3.964
209.964
77.666
12.747
123.432
32.764
82.734
30.906
18.049
218.176
149.460
3.723
41.084
489.396
8.235
73.888
196.416
6.021
31.491
142.982
42.170
18.348
214.900
23.344
10.197
18.648
172.268
12.711
19.414
58.862
12.430
13.205
18.302
4.578
110.226
5.252
51.834
10.385
117.577
65.744
23.116
146.716
6.056
3.288
400.455
16.046
196.093
36.584
247.426
45.521
5.118
10.390
40.695
608.599
194.635
374.877
65.414
11.454
45.400
158.512
155.411
142.573
142.873
38.779
61.802
15.305
36.132
161.859
35.247
249.453
1.585
78.630
14.113
113.566
133.833
49.130
24.243
13.232
7.129
7.094
167.702
56.674
33.974
124.115
1.575
10.570
10.197
0.642
158.512
0.318
37.618
119.206
258.868
65.843
134.680
83.499
41.157
139.795
373.639
196.093
217.363
59.895
15.883
12.518
19.235
151.153
150.366
166.465
18.470
12.796
14.837
35.817
144.134
52.972
144.911
101.858
134.607
44.997
152.664
7.393
136.828
28.359
96.008
47.589
73.856
44.073
32.586
75.474
77.076
116.337
121.442
66.481
45.521
207.199
153.815
99.248
151.561
64.683
12.150
140.433
84.729
15.578
92.748
7.694
12.111
21.190
70.109
96.157
214.101
32.902
22.983
37.311
19.093
7.661
4.430
10.291
190.818
156.799
29.163
60.077
192.022
37.243
187.828
68.099
2.622
154.055
20.099
169.152
43.317
23.994
166.385
256.876
74.008
41.667
59.670
9.804
139.782
53.110
174.579
141.435
3.191
149.776
24.246
154.880
35.904
38.594
4.953
89.944
83.476
75.884
79.974
5.072
60.773
169.483
21.086
78.195
12.975
41.267
56.937
76.601
13.376
32.151
5.392
44.811
41.769
22.547
26.043
11.470
23.116
199.189
1.174
119.892
6.298
59.254
17.690
138.595
36.728
65.218
229.546
57.616
100.120
68.248
4.597
17.548
35.002
27.189
69.379
6.051
59.689
97.727
6.696
233.227
207.199
127.039
69.439
182.367
18.880
59.613
0.427
179.460
98.746
60.730
42.507
92.889
66.125
10.068
7.125
24.679
130.651
14.423
5.192
169.834
24.670
207.969
16.553
22.587
45.978
118.176
28.718
52.715
192.487
15.097
17.994
100.508
59.698
202.935
33.923
78.663
192.942
41.645
171.596
65.284
21.389
33.931
49.642
68.699
154.969
67.838
13.506
98.618
19.843
6.210
131.189
80.503
62.623
21.312
16.299
3.737
15.186
32.151
90.751
111.377
59.698
41.645
42.473
96.506
81.024
181.093
8.404
69.401
9.347
91.667
7.245
130.153
26.453
67.646
122.143
36.503
27.032
21.057
54.745
101.740
156.716
96.707
48.266
1.449
191.155
10.299
135.613
45.280
131.210
40.600
140.897
199.425
92.668
18.667
39.482
16.240
90.475
44.045
128.214
123.432
269.855
78.351
11.919
98.938
4.949
205.002
40.797
42.627
9.070
29.559
109.403
31.870
50.580
85.436
138.910
0.320
83.308
44.705
2.537
39.545
52.742
81.865
61.115
60.419
154.034
3.084
62.628
130.541
126.278
116.570
14.995
49.961
119.206
48.882
33.734
19.719
4.071
55.382
33.024
108.664
108.676
285.627
41.645
70.973
21.594
163.958
92.889
88.343
350.681
94.606
27.432
214.879
9.248
82.246
83.643
26.043
43.294
22.333
106.963
83.476
42.362
32.639
85.035
211.440
3.714
91.231
346.159
113.510
7.728
38.678
49.857
36.528
30.852
106.582
18.998
2.866
187.096
53.243
35.031
274.360
326.492
62.623
18.348
52.092
11.780
56.475
3.812
75.432
105.982
60.302
25.434
120.257
151.153
83.141
258.178
82.099
28.270
30.574
65.218
28.270
118.176
136.897
82.992
102.034
111.071
28.349
347.341
104.703
729.135
5.634
203.345
75.121
104.155
66.532
99.530
19.062
205.825
213.780
11.843
90.328
25.418
274.360
131.928
42.546
69.401
64.926
69.486
25.373
60.221
20.731
7.369
17.693
42.218
46.646
156.953
53.187
90.795
46.331
94.231
16.132
19.997
22.333
2.815
207.928
1.178
84.309
106.963
23.447
10.098
116.649
6.990
1.399
52.795
45.518
122.841
58.009
254.431
116.386
107.843
139.068
54.542
138.538
105.475
98.895
21.640
23.447
76.727
6.706
50.716
117.263
0.454
42.572
61.540
11.274
13.416
26.830
38.184
64.570
17.269
35.247
89.266
91.231
124.953
85.248
2.228
8.072
48.882
3.420
105.562
48.738
7.734
91.667
77.137
43.294
106.582
60.293
35.609
153.552
166.558
155.492
56.243
50.332
131.233
152.253
258.868
99.167
13.205
81.441
192.808
16.116
238.581
6.996
126.498
62.967
13.653
75.884
63.613
384.938
100.689
41.329
199.141
7.661
6.298
129.404
20.399
28.718
45.691
34.495
45.249
42.474
84.880
2.228
172.442
157.450
242.360
106.971
4.033
243.154
25.886
23.900
104.089
20.661
58.388
2.945
211.812
3.484
204.554
10.228
48.271
0.401
81.069
22.983
21.640
47.301
79.188
51.492
123.768
59.670
54.640
94.183
6.157
62.455
96.638
122.841
289.406
65.218
5.682
131.210
38.511
69.036
81.069
43.570
159.012
84.714
2.514
3.910
185.182
21.954
36.164
156.716
82.982
72.725
41.251
31.975
184.342
57.398
352.379
142.982
21.196
150.706
60.221
90.475
158.512
132.406
115.624
35.089
38.594
9.660
55.751
155.982
64.570
15.927
111.854
157.663
25.737
82.982
173.876
130.790
29.445
32.902
94.901
61.163
70.634
50.194
90.410
128.995
42.213
164.707
24.064
80.083
32.117
48.747
72.210
162.706
100.120
128.709
355.564
32.085
39.246
30.906
77.051
90.184
72.892
358.306
42.099
39.800
24.948
151.153
80.118
155.945
82.447
254.431
13.674
14.779
95.291
145.372
355.564
33.550
135.535
46.054
42.779
16.553
183.566
208.963
83.476
42.324
36.522
292.348
252.249
128.929
21.895
21.245
24.294
21.279
22.068
281.565
147.203
3.796
104.089
7.174
53.809
46.773
65.843
79.354
3.686
7.694
70.790
53.004
8.380
68.487
59.114
90.647
156.668
142.847
10.700
84.714
219.674
78.820
63.435
192.022
12.806
125.997
93.089
19.719
75.121
30.606
36.030
275.918
22.656
14.337
17.548
26.939
512.426
32.659
158.224
17.579
13.536
32.155
49.444
2.433
39.950
2.699
0.302
7.220
26.826
20.359
207.140
61.651
84.194
9.660
104.155
81.034
27.976
21.010
74.642
22.152
39.800
39.771
15.883
131.233
353.401
65.217
66.834
42.172
3.484
57.565
15.361
158.352
69.416
150.750
3.499
21.376
22.149
278.653
8.465
46.336
71.691
27.324
9.198
66.885
4.466
16.662
50.901
151.000
0.401
30.441
55.751
177.291
7.188
36.773
28.667
106.951
37.530
20.399
30.740
59.698
53.531
70.214
46.156
61.651
21.107
10.774
54.760
7.922
7.040
110.042
72.603
22.547
18.049
17.807
36.503
17.534
76.968
59.889
58.330
54.781
297.221
51.330
74.173
42.451
24.580
33.038
114.096
43.116
54.264
12.169
39.302
107.423
281.548
246.980
336.954
21.190
68.093
171.268
18.786
12.521
104.089
138.538
40.151
79.288
152.129
141.157
31.491
107.882
169.241
42.926
78.924
18.952
27.945
14.976
12.529
62.878
4.597
9.147
354.477
122.841
7.922
24.937
146.433
222.817
3.910
66.834
73.460
2.984
142.573
4.066
38.507
321.143
1.156
104.124
101.190
50.913
13.506
42.873
18.348
29.865
118.176
54.878
1.974
202.935
27.432
84.853
227.164
1.449
48.271
61.459
106.430
85.243
79.662
3.226
171.268
46.217
41.108
33.734
19.094
80.362
33.597
106.188
5.804
10.110
313.769
26.265
194.425
70.012
22.810
102.099
165.937
44.722
28.799
9.865
66.533
103.711
203.345
85.545
43.116
105.313
9.347
20.088
58.910
45.531
215.938
13.916
128.214
145.462
98.261
30.074
52.972
21.895
163.930
32.902
81.350
360.629
42.721
19.997
25.886
107.913
169.241
28.359
59.428
7.288
24.679
35.046
138.538
44.807
21.681
63.917
164.113
78.193
14.324
1.262
194.630
66.481
75.715
23.375
254.431
71.977
100.689
2.325
16.132
94.607
39.632
30.258
91.667
12.529
128.929
62.316
64.995
49.522
45.939
34.938
6.210
174.579
126.856
15.980
214.900
35.098