 -1.66235745e+00
 5.10669223e-01
 -1.21579484e+00
 -9.30319496e-01
 -1.00379754e+00
 -1.32604529e+00
 -7.59620457e-01
 -1.80842997e+00
 8.16593179e-01
 5.29526763e-01
 8.39702903e-02
 -5.39516696e-02
 -1.26969412e+00
 -1.89152047e-01
 -2.12038753e+00
 -2.18638904e+00
 -1.93288617e+00
 -1.30861095e+00
 -5.78418345e-01
 -1.06403953e+00
 -1.82383701e-01
 -7.94967777e-01
 -3.28906710e-01
 -2.20137930e+00
 1.58992296e+00
 -2.38939899e+00
 7.15338414e-01
 -7.87622984e-01
 -1.62985011e+00
 -8.33514021e-01
 -6.51362877e-01
 6.44883321e-01